id,importanceSampling
301001,-97.703772
301003,-66.659557
301004,-90.559506
301005,-84.932796
301011,-66.261338
302001,-95.392358
302002,-81.534143
302004,-51.964181
302005,-49.403973
302006,-51.358142
302007,-7.793854
302009,-60.343852
302010,-67.011788
302011,-7.699087
302013,-93.304348
303001,-49.630513
303003,-55.127436
304002,-58.716285
304003,-64.620563
304004,-57.079905
305001,-56.123447
305002,147.735138
305004,-108.117843
305005,-82.723910
306001,-84.127312
306003,-58.768585
306004,-95.471404
306005,-30.503218
306006,-58.224081
306010,-75.376442
306011,-73.284026
306012,-72.899616
306014,-56.122232
306016,-39.498087
306017,-86.737941
306019,-54.847796
306020,-59.010801
307001,-100.686500
307002,-83.444393
308001,-46.736423
308003,-103.796731
308004,-70.650261
309001,-99.411362
309002,-35.937375
310001,-25.361419
310003,-76.065724
310004,-24.414315
310006,-17.046069
311001,-38.037126
311003,-83.371402
311006,-96.154724
314002,-88.410673
315001,-102.375366
315003,-106.524137
315005,-97.333775
316001,-58.242071
316002,-41.046789
316004,-73.428960
316006,-65.955564
317001,-112.626267
317003,-84.711948
317004,-18.806799
317006,-61.354005
317007,-75.427447
319002,-28.099833
319003,-111.443423
319004,-95.766069
319005,-36.170514
319006,-62.087800
319007,-89.427793
319008,-5.313628
319009,-53.185293
320001,-31.556242
321002,-65.568777
321003,-5.848949
321004,-50.986020
321005,-56.211013
321006,25.502426
321007,-28.165740
321008,-53.073149
321012,-47.430216
321013,-24.864017
321014,-58.386595
321015,-48.169343
322001,-72.450387
322002,-74.944363
322004,-56.832146
322005,-96.796181
322006,-104.975572
322008,-71.363289
323001,-66.659612
323002,-111.763232
324002,-80.793111
324003,-71.531987
324004,-58.704592
324006,-85.014623
324007,-54.752450
325002,-84.586577
325003,-102.407258
325004,-72.719720
326001,-75.362645
327001,-62.394143
328002,-50.889999
328003,-77.785537
329002,-69.060145
329003,-99.187419
329004,-89.346400
329006,-58.486305
329007,-103.254022
329008,-63.498651
329009,-112.859446
331001,-68.743959
331003,-67.270193
331004,-87.420604
331007,-58.182173
334002,-40.129105
334003,-38.146633
334004,-73.286668
334005,-104.167922
334006,-60.563397
334007,-48.592410
334009,-50.955583
334011,-80.212286
335001,-74.982391
335002,-80.300451
335004,-52.712432
335005,-86.499972
335007,-100.726166
335008,-64.058672
336001,-69.786088
336002,-2.367623
337001,-73.001434
337003,-35.946280
337004,-74.778413
337005,-27.652949
337008,-78.265529
337009,-65.066362
337012,-55.248681
337013,-68.368867
338001,-85.569146
339002,-56.158665
339003,-95.328991
339004,-7.699188
340001,-83.412587
340003,311.231252
340004,-58.394693
341002,-40.045646
341003,48.215659
342001,-69.816515
342003,-10.674884
342007,159.564471
342008,-82.612225
342009,-29.549915
342011,-94.117019
343002,-105.848118
343003,-56.361405
343004,-58.750128
343005,-23.409553
343007,-66.887419
343008,-88.517362
343009,-71.859021
343010,-52.361871
343011,-66.854446
343012,-49.935243
344001,-58.920370
344003,-42.850069
344004,-0.457350
344005,-23.980640
344008,-75.308697
345002,-12.872762
346001,-70.306858
346003,-28.208104
349001,-107.794147
349002,-64.141519
349006,-1.665807
350001,-88.020612
350002,-43.781091
350004,-27.142649
351001,-60.264491
351003,-87.897485
351004,-70.231919
352002,-66.740845
352003,-6.089814
352004,-22.782059
352006,-98.685794
352007,-30.624048
353001,-48.302604
353002,-64.683299
353004,-81.912412
354002,-64.407156
354003,-12.226599
354004,-93.531355
354006,-60.050555
355002,-89.693907
356001,-48.169445
357002,-89.384063
357003,-50.940182
357004,-86.953765
357005,-74.636337
358002,-55.351657
358003,26.207792
358004,-60.726070
359001,-37.089185
360001,-69.347749
360003,-95.031947
361002,-53.423118
361003,-68.720515
361004,-26.152647
361005,-48.741081
361007,-86.335142
361008,-41.493532
361010,-52.272594
361012,-39.622411
361013,-52.487002
363001,-104.925934
363003,-73.802689
363004,-36.977175
364002,-78.270692
364003,-60.875163
364005,-85.131500
365002,-106.822985
365003,-65.587072
366002,-71.560947
366003,-77.853764
366004,-77.008901
366005,-76.575102
366006,-89.346776
368001,-32.868707
369001,-16.004909
369003,-39.392781
370001,-85.576967
371002,-54.029059
372001,-64.269029
372002,-76.441441
372004,-47.510970
373002,-2.750972
373003,-23.459797
374002,-69.659862
374003,-35.747197
375001,-24.578381
375003,-70.034337
376001,-69.362050
376003,-87.708917
376004,-41.599860
376007,-57.595787
377002,-77.065371
377003,-67.236703
377004,-78.268329
377006,-68.720875
380002,-41.483958
380003,-92.424565
381002,-55.259089
381003,-58.164928
381005,-99.176694
384002,-46.922850
384003,-19.158478
384004,-86.070215
384005,-0.211076
384006,-40.214450
388001,-64.720740
389001,-83.097533
389003,-28.621567
390001,-52.198885
390002,-83.859993
392001,-82.880851
393001,-34.160790
394001,-38.166672
394002,28.940782
395001,-44.802054
397001,29.289964
397002,-39.913512
401001,-100.644411
401003,-89.274340
403001,-95.708560
403003,-93.615974
403005,-93.578918
501001,-22.432149
501002,-32.179053
501005,-21.404347
501006,-5.914544
501008,-3.940392
501009,-6.534663
501010,-19.296029
501011,-13.518528
502001,-6.275017
502002,-28.613217
502006,-2.032014
502008,-16.085559
503001,-29.286248
503003,5.193048
503005,-19.575990
504002,-27.698131
504003,-26.346581
504004,-5.522781
504005,-28.179649
504009,-13.328874
505002,-20.852757
505003,-32.337394
505005,-12.985268
505006,-23.208095
505007,-17.872509
505008,-23.127268
505009,-17.257342
507001,-22.100762
507002,-21.784653
507004,-21.186707
507005,-24.332308
507006,-25.910384
507009,-10.618129
507010,-16.196672
507011,-20.418789
507012,-23.020743
507018,-21.763758
509001,9.522093
509003,-26.000335
509004,-22.887025
511002,-8.198835
511003,-17.115360
511004,-15.519683
511005,-16.609163
512001,-21.133086
512003,-25.195205
512004,-23.555770
513001,-5.642135
513003,-19.805489
513004,-14.338494
514001,-25.197045
515001,-22.482635
516002,-28.680751
516003,-25.230280
516006,-10.208970
516008,-13.462729
517001,-17.435781
517003,-6.783695
519001,-27.592395
519003,-22.475385
519004,-7.457816
519005,-23.830682
520001,-17.017902
521001,-19.768966
521002,2.932436
521004,-13.026144
521005,-24.358014
521006,-15.640238
521007,-16.251297
522001,-18.599009
522002,-25.163312
523001,-12.026388
524001,-21.633116
524002,-26.611143
525001,-9.796523
526001,-18.221780
526002,-28.992717
527001,-21.585726
527003,-22.596973
528001,-23.529668
528002,5.233469
528004,-24.936318
528005,-10.449459
528006,-27.625047
529002,-25.012858
529003,-23.374654
529004,-27.313541
529006,-26.813594
531001,5.251705
531002,-11.331091
531004,24.226577
531005,-24.025321
532002,-26.496456
532004,-14.794821
532005,-28.118799
533001,-6.544043
533002,-27.032085
534002,-26.639260
534003,-23.714841
534004,9.542662
534005,-13.399263
534007,-12.686751
534008,-12.555687
534009,-20.925902
534010,-17.101527
535001,-19.909689
535002,-20.369440
536001,-9.200381
536002,-16.960946
538001,-13.540153
538002,-31.651639
539001,-7.018205
539002,-17.170705
540001,2.650753
543001,-14.564917
545002,16.838137
546001,-22.859075
548001,-28.495769
549001,-24.051207
701008,-67.305773
701009,66.787707
701010,-102.982316
701011,-65.153421
701017,-82.899601
701105,-82.720064
701106,-39.382652
701109,-61.261062
701110,-22.742621
701112,-63.063096
701113,-84.937459
701116,-50.146707
701201,-71.820815
701202,-46.086650
701205,-61.077918
701206,-102.836520
701208,-86.319672
701210,-78.022013
701211,-88.853093
701212,-32.224813
701215,-90.613921
701216,-92.944280
701218,-45.358128
701220,-72.088329
701301,-99.510729
701302,-40.637736
701305,-79.526765
701306,-1.953470
701310,-98.751155
701312,-38.709874
701313,-64.597345
701315,-59.524478
701316,-51.318617
701317,-46.293141
701319,-61.365787
701324,-39.479850
701325,-0.467352
701327,-59.697883
701330,-86.143599
701333,-45.775337
701334,-73.626468
701336,-54.056630
701338,-79.419402
701339,-64.283388
701342,-65.747843
701343,-63.977327
701346,-90.491431
701348,-10.383814
701349,-44.672962
701350,-72.396098
701352,-57.525644
701353,-101.834121
701354,-53.144758
701356,-60.494478
701359,-70.617896
701360,-87.602009
701401,-62.204339
701403,-76.388843
701405,-59.644677
701407,-64.869924
701408,-72.650221
701409,-67.453594
701410,-66.849401
701411,-68.790057
701503,96.486059
701504,-55.234419
701505,-8.191424
701507,-15.281120
701509,-46.923298
701511,-18.533056
701513,-26.669211
701602,-79.667339
701604,-44.573438
701607,-46.523823
701609,-63.402108
701610,-67.966561
701611,-94.888512
701613,-64.747813
701614,-77.859795
701615,-56.013883
701616,-11.877737
701617,-58.391758
701703,-68.522813
701704,-83.563841
701706,-33.918631
701708,-66.320189
701709,5.557618
701710,-15.762059
701714,-111.206691
701715,-62.646146
701803,-55.139192
701804,-55.870554
701901,-47.615904
701904,-59.809374
701907,-11.624358
701909,-40.069367
701914,-3.998503
701915,-28.794224
701919,-45.756303
701920,-69.525782
701921,-56.158540
702001,-73.980465
702002,-60.955518
702006,-52.615167
702008,-69.139390
702009,-84.472139
702011,-80.302701
702015,-66.309198
702017,-71.553637
702019,-65.451987
702020,-67.253940
702022,-109.676464
702023,-76.214036
702024,-49.463262
702102,-74.441297
702104,-63.290909
702201,158.687761
702202,-65.547490
702205,-44.016641
702206,-71.990358
702212,-57.670377
702216,-55.072025
702220,-63.962585
702301,-4.192262
702303,-50.512009
702305,-60.067576
702403,-71.736890
702404,-85.072078
702405,-65.042935
702503,-65.736012
702504,-84.397650
702505,-56.044518
702506,-89.250193
702508,30.090079
702511,-65.171015
702601,-53.350797
702603,-89.826487
702605,-69.587276
702606,-46.402723
702608,-67.514705
702611,-55.875604
702703,-43.093432
702704,-80.388380
702706,-57.821412
702707,-59.167129
702802,-47.066450
702803,-50.152012
702806,-67.282014
702807,15.161860
702902,-83.788126
702904,-70.827555
703001,-69.294442
703003,-71.600638
703009,-17.381803
703010,-50.669760
703101,-91.412297
703104,-71.048595
703105,6.921073
703109,-60.763461
703202,-63.141173
703204,-68.437200
703205,-93.914381
703206,-62.796063
703209,-51.034364
703210,-81.862673
703212,-73.327164
703213,-86.927995
703214,-72.168218
703218,-47.685443
703301,-64.973858
703304,-59.955770
703306,-60.314881
703307,-67.539730
703308,-58.160699
703401,-61.990265
703404,-92.637867
703405,-80.692478
703406,-71.629251
703501,-48.767639
703503,-64.672347
703506,-81.316641
703508,-2.557528
703510,-52.695901
703601,-89.243943
703604,-90.306166
703605,-83.022401
703607,-101.664323
703609,-25.473040
703610,-28.070712
703611,-61.181216
703701,-56.331021
703702,-44.614494
703706,-56.346514
703708,-69.840378
703709,-55.572302
703710,-81.503883
703711,-78.161782
703801,-80.492399
703804,-50.890645
703805,-81.634280
703806,-78.486591
703807,-53.168312
703809,-64.064048
703810,-73.156785
703812,-80.983084
703814,-41.194673
703815,-66.281543
703818,-84.387193
703819,-39.986178
703902,-51.343783
703904,-81.150756
703905,-57.526269
704002,-72.817437
704003,-50.510204
704101,-65.283656
704104,-66.591570
704105,-69.431614
704107,-94.944468
704108,28.577374
704109,-61.037838
704111,-49.614423
704112,-57.925111
704113,-32.965567
704114,-75.366209
704201,-73.988085
704204,-77.933971
704205,-67.785290
704206,-89.130640
704209,-91.619790
704210,-68.445408
704215,-77.515726
704220,-28.692949
704221,-84.114211
704223,-69.403096
704301,-90.457963
704303,-67.741346
704308,-36.175088
704309,-67.763817
704311,-15.668201
704313,-84.016214
704314,-31.083653
704317,-61.211512
704403,-71.206984
704404,-95.187791
704405,-13.985257
704406,-85.609891
704408,-36.635671
704410,-60.965604
704411,-85.306674
704412,-73.232445
704415,-72.014933
704416,-83.691618
704417,-6.977444
704501,-73.055563
704503,-53.567508
704601,-42.819048
704603,-75.380350
704702,-31.454036
704704,-63.347449
704706,-77.822019
704710,-46.079650
704711,-100.120857
704801,-76.246502
704804,-79.345355
704806,-73.437897
704807,-76.744113
704808,-73.172996
704901,-69.525885
704902,-64.306331
704907,-68.356491
704909,-64.392693
704913,-27.717748
704915,-64.096094
704916,-86.388873
704917,-69.036874
704918,-78.155068
704919,-38.481024
704921,-73.012005
704922,-58.520529
705002,-44.205328
705003,-66.287095
705008,-96.131782
705101,-66.070751
705104,-67.502115
705105,-86.212547
705106,-41.126012
705107,-22.490645
705109,-57.839456
705111,-72.352087
705115,-22.440761
705116,-23.141486
705118,-74.869283
705119,-74.216212
705201,-39.767063
705202,-85.662730
705207,-80.243938
705209,-69.522620
705210,-14.616548
705301,-73.527151
705303,-43.365381
705310,-54.001544
705311,-70.215326
705314,-53.396288
705316,-22.953310
705317,-80.847562
705318,-64.654992
705319,-38.800522
705402,-69.427118
705403,-92.351999
705406,-72.401927
705410,-75.983148
705411,-57.637125
705413,-68.302864
705501,-49.696773
705504,-94.815714
705505,-51.277128
705506,-47.241756
705602,-77.387948
705604,-49.646209
705703,-80.549723
705704,-66.162669
705706,-30.010950
705708,-57.078714
705709,-33.030636
705710,-80.375189
705711,-73.007129
705713,-76.317086
705715,-63.406686
705716,-48.068920
705718,-98.797056
705722,-47.502628
705723,-60.874827
705801,-65.072729
705803,-63.812128
705805,-64.978457
705808,-68.647927
705809,-74.034336
705901,-62.586012
705904,-78.420613
705905,-59.983038
705906,-63.482334
705907,-70.650415
705908,-25.787257
705909,-73.005403
705912,-21.307215
706001,-37.836382
706003,-84.681589
706007,-77.740929
706009,-56.113840
706010,-85.018857
706101,-40.879024
706104,-57.632482
706202,-27.455241
706204,-89.532599
706205,-62.922855
706206,-53.544199
706209,-56.997198
706212,-34.053250
706215,-6.965719
706217,-91.807995
706301,-47.407821
706302,-62.989020
706403,-108.947304
706404,-76.482016
706405,-72.572893
706407,-91.674228
706503,-69.297142
706504,-74.780053
706506,-97.714103
706510,-83.246310
706511,-75.582001
706512,-70.485787
706513,-77.588188
706603,-77.249471
706604,-66.776306
706605,-67.587101
706606,-65.702469
706608,4.503209
706702,-67.937433
706801,-49.511422
706802,-75.127134
706805,-74.332730
706902,-10.330790
706903,-72.423986
706907,-81.450142
706908,-107.808381
706909,-96.656608
706910,-3.130890
706911,-77.422942
706913,-73.016000
706915,-84.469907
706919,-79.857472
706921,-98.232116
706922,-25.127911
706923,-35.582608
706924,-76.374683
706925,-55.750484
707001,-25.996574
707002,-54.291283
707006,-12.858224
707102,-25.155329
707104,-30.229126
707105,-86.333256
707107,-83.422028
707202,-90.259886
707203,-87.438057
707205,-30.471871
707206,-87.582847
707208,-98.749970
707301,-70.189898
707302,-82.943735
707305,-73.875072
707306,16.236781
707308,-58.846571
707309,-69.372404
707401,-4.053182
707402,-55.776881
707409,-30.046606
707411,-84.287880
707502,-91.059321
707503,-55.983629
707505,-71.649156
707507,-77.084663
707509,-69.039179
707602,-84.291261
707603,-83.595007
707606,-73.770538
707607,-66.435606
707702,-78.388271
707704,-48.559517
707706,-51.629968
707707,-77.406712
707708,-74.460574
707710,-79.517589
707711,-74.887976
707712,-57.016809
707802,-60.907669
707804,-69.111703
707806,-66.637812
707808,-81.433166
707903,-37.817476
707904,-26.175598
708001,-70.378284
708002,-39.605452
708101,-94.616854
708104,-69.896688
708201,-16.884191
708301,-100.183704
708303,-24.290850
708305,-44.663120
708307,-91.698457
708310,-44.364490
708311,-72.856888
708314,-76.715646
708316,-88.306607
708319,-50.530208
708401,-46.416571
708402,-14.345477
708502,-81.246939
708504,-56.563545
708604,-35.543373
708606,-81.414028
708607,-9.826530
708610,-7.477683
708611,-35.668727
708613,-52.226132
708615,-71.443415
708618,-48.883240
708701,-66.774975
708702,-68.961023
708706,-88.757441
708707,-62.454021
708710,-70.545594
708801,-68.396906
708902,-44.044016
708904,-48.360108
708905,-15.866548
709001,-106.232408
709002,-88.063739
709102,-17.765482
709103,-66.212427
709108,-61.648735
709113,-94.384384
709114,-87.929083
709202,-70.800456
709204,-66.263135
709205,-53.695042
709208,-54.999660
709209,-72.869260
709210,-73.667634
709211,-92.896895
709214,-26.107912
709216,-66.072116
709301,-68.780863
709303,-42.814264
709401,-50.571368
709404,-5.396365
709405,-97.002293
709501,-76.433280
709502,-82.036664
709505,-121.388734
709510,-71.825800
709702,-81.731558
709704,-51.859710
709803,-52.721571
709804,-67.247529
709807,-54.280785
709901,-69.467098
709904,-44.682942
709906,-7.066542
710001,-73.147597
710003,-78.200967
710005,-74.708027
710006,-72.914518
710007,-54.298008
710008,-68.248489
710010,-66.509791
710102,-103.643252
710104,-70.605666
710107,-75.711618
710109,-59.065866
710110,-81.582303
710201,11.899262
710301,-82.320684
710304,-75.503594
710305,-75.821095
710306,-44.556800
710308,-65.510040
710309,-72.776477
710310,-68.214695
710311,-57.489752
710312,-99.111620
710313,-58.768901
710315,-67.662417
710403,-97.060762
710404,-49.409085
710409,-57.056046
710501,-82.461965
710502,-55.473868
710505,-75.755924
710602,-58.663344
710603,-69.761598
710607,-65.424512
710608,-71.074413
710701,-41.801802
710801,-75.147538
710804,-45.077829
710901,-85.958152
1001,-19.160885
1003,-17.691327
1005,-30.080594
1008,-13.523789
1014,-32.073798
1015,-21.394646
1111,-26.860004
1112,-28.563200
1115,-36.790041
1204,-29.991220
1209,-21.744497
1213,-22.570362
1215,-23.398400
1405,-22.014828
1601,69.255495
1602,-29.046595
1603,-26.219029
1905,-29.466552
1906,-32.411735
1911,-25.816370
1913,-30.453970
1915,-29.053283
1923,-15.691292
2001,-21.934266
2004,-23.864974
2102,-25.262331
2105,-34.834972
2106,-27.646745
2201,-2.169261
2601,-21.885037
2701,-27.755557
2702,-26.505448
2704,-31.813195
3101,-23.434580
3105,-24.951684
3301,-41.016878
3406,-29.657569
3410,-26.849553
3602,-27.855643
3701,-23.883822
3804,-28.179356
4101,-22.481559
4102,-25.284190
4203,-29.218272
4304,-29.396275
4702,-40.070380
4703,-30.324615
4705,-21.823222
4901,-28.182949
4902,-33.288109
5002,-24.834019
5004,-11.023001
5009,-29.990435
5201,-26.222124
5405,-35.294411
5501,-33.453875
5602,-19.998748
5701,-28.730392
5803,-26.212553
5901,-12.806462
5902,-28.320171
5903,-39.872063
6101,-30.636658
6105,-27.990224
6602,-28.169479
6701,-6.712927
6801,-33.996503
10011,-41.831875
10071,-31.241262
10141,-35.085069
10231,-30.405015
10261,-32.647607
10291,-44.943503
10381,-38.825225
10391,-41.185111
10421,-42.305889
10511,-31.552050
10571,-42.307630
10631,-37.953151
10681,-45.645151
10711,-38.531331
10721,-45.142345
10751,-43.759652
